0
0
0
0
0
0
0
0
0
0
0
0
0
0
0
0
0
9.58416
9.74563
9.89015
10.0202
10.138
10.245
10.3427
10.43
10.4259
10.4217
10.4173
10.4128
10.408
10.4031
10.398
10.3927
10.3872
10.3815
10.3756
10.3695
10.3632
10.3567
10.35
10.3431
10.336
10.3286
10.3211
10.3133
10.3053
10.2971
10.2886
10.2799
10.2709
10.2617
10.2523
10.2426
10.2326
10.4725
10.507
10.5402
10.5723
10.6031
10.6329
10.6616
10.6893
10.7161
10.742
10.767
10.7912
10.8146
10.8373
10.8592
10.8805
10.9011
10.9211
10.9404
10.9592
10.9775
10.9952
11.0124
11.0291
11.0453
11.061
11.0764
11.0913
11.1058
11.1199
11.1336
11.1469
11.1599
11.1725
11.1849
11.1968
11.2085
11.2199
11.231
11.2418
11.2523
11.2626
11.2518
11.2391
11.2261
11.2126
11.1988
11.1846
11.17
11.155
11.1395
11.1235
11.1071
11.0902
11.0727
11.0548
11.0362
11.0171
10.9973
10.9769
10.9559
10.9341
10.9116
10.8883
10.8643
10.8393
10.8135
10.7868
10.759
10.7303
10.7004
10.6694
10.6372
10.6037
10.5688
10.5325
10.4947
10.4553
10.4141
9.19813
9.21051
9.22255
9.23425
9.24562
9.25666
9.26737
9.27777
9.28785
9.29763
9.3071
9.31627
9.27628
9.18186
9.08153
8.97473
8.86082
8.73907
8.60867
8.46867
0
8.30744
8.31541
8.32303
8.3303
8.33722
8.3438
8.35004
8.35595
8.36152
8.36675
8.37166
8.37623
8.38048
8.3844
8.388
8.39127
8.39422
8.39686
8.39917
8.40116
8.40284
8.4042
8.40524
8.40597
8.40638
8.40647
8.40625
8.33718
8.33631
8.33512
8.33361
8.33178
8.32962
8.32714
8.32434
8.3212
8.31774
8.31395
8.30983
8.30538
8.3006
8.29548
8.29002
8.28423
8.27809
8.2716
8.26477
8.25759
8.25006
8.24217
8.23393
8.22532
8.21635
8.207
0
0
0
0
0
0
0
0
0
0
0
0
6.7839
6.9164
7.04253
7.16272
7.27736
7.38683
7.49145
7.59153
7.65765
7.63811
7.61803
7.59741
7.57623
7.55449
7.53218
7.50927
7.48577
7.46166
7.43692
7.41155
7.38553
7.35884
7.33148
7.30342
7.27465
7.24516
7.21493
7.18394
0
0
0
7.28587
7.34844
7.40915
7.46807
7.52528
7.58083
7.63479
7.68722
7.73818
7.78772
7.83589
7.88274
7.92832
7.97266
8.01582
7.9841
7.94602
7.90695
7.86684
7.82567
7.7834
7.73999
7.69541
7.64961
7.60256
7.5542
7.50451
7.45341
7.40087
7.34684
7.29124
0
0
0
0
0
0
0
0
0
7.84594
7.87336
7.90012
7.92621
7.95167
7.9765
8.00072
8.02434
8.04737
8.06983
8.09173
8.11307
8.13388
8.15416
8.17392
8.19317
8.21193
8.23019
8.24798
8.26529
8.28214
8.29853
8.29906
8.21015
8.11708
9.45401
9.46451
9.47471
9.4846
9.4942
9.50351
9.51253
9.52127
9.52972
9.5379
9.54581
9.55345
9.56083
9.56794
9.57479
9.58138
9.58772
9.59381
9.59965
9.60525
9.61059
9.6157
9.62057
9.62519
9.62959
9.63374
9.63766
9.64136
9.64482
9.64805
9.65106
9.65383
9.65639
9.65872
9.66082
9.66271
9.66437
9.66581
9.41913
8.53337
8.53446
8.53524
8.53571
8.53588
